height: 1125
width:  2001
ratio:  1.778667

with the new launch screen:
height: 1125
width: 2436
ratio: 2.165333

